 + --- ---------------- --------- +
    |                plain recursion |
--- + --- ---------------- --------- +
  n | sol            count  cpu time |
--- + --- ---------------- --------- +
  1 |   1                2 4.248e-06 |
  2 |   2                3 1.984e-06 |
  3 |   3                5 1.924e-06 |
  4 |   3                8 1.663e-06 |
  5 |   4               13 1.893e-06 |
  6 |   4               22 2.234e-06 |
  7 |   5               36 2.514e-06 |
  8 |   5               60 3.115e-06 |
  9 |   5              100 4.067e-06 |
 10 |   6              167 5.130e-06 |
 11 |   6              279 4.248e-06 |
 12 |   6              465 3.978e-06 |
 13 |   7              777 5.721e-06 |
 14 |   7             1297 8.777e-06 |
 15 |   7             2165 1.551e-05 |
 16 |   7             3614 2.571e-05 |
 17 |   8             6031 3.582e-05 |
 18 |   8            10065 5.890e-05 |
 19 |   8            16795 9.773e-05 |
 20 |   8            28024 1.731e-04 |
 21 |   9            46737 2.762e-04 |
 22 |   9            77953 4.501e-04 |
 23 |   9           130031 7.529e-04 |
 24 |   9           216910 1.268e-03 |
 25 |   9           361821 2.263e-03 |
 26 |  10           603565 3.931e-03 |
 27 |  10          1006844 6.380e-03 |
 28 |  10          1669469 1.679e-02 |
 29 |  10          2774857 1.754e-02 |
 30 |  10          4618839 2.875e-02 |
 31 |  11          7684817 4.777e-02 |
 32 |  11         12799423 7.958e-02 |
 33 |  11         21321378 1.324e-01 |
 34 |  12         35517310 2.209e-01 |
 35 |  12         59178437 3.670e-01 |
 36 |  12         98598863 6.119e-01 |
 37 |  13        164288415 1.021e+00 |
 38 |  13        273748982 1.704e+00 |
 39 |  13        456136445 2.872e+00 |
 40 |  14        760057669 4.801e+00 |
 41 |  14       1266476244 8.126e+00 |
 42 |  14       2110322513 1.320e+01 |
 43 |  15       3516431566 2.201e+01 |
 44 |  15       5859423672 3.913e+01 |
 45 |  15       9763565062 6.195e+01 |
 46 |  16      16269040118 1.061e+02 |
 47 |  16      27109121042 1.732e+02 |
 48 |  16      43378146022 2.820e+02 |
 49 |  17      70487251926 4.513e+02 |
 50 |  17     113865382810 7.125e+02 |


 1 4.248e-06
 2 1.984e-06
 3 1.924e-06
 4 1.663e-06
 5 1.893e-06
 6 2.234e-06
 7 2.514e-06
 8 3.115e-06
 9 4.067e-06
10 5.130e-06
11 4.248e-06
12 3.978e-06
13 5.721e-06
14 8.777e-06
15 1.551e-05
16 2.571e-05
17 3.582e-05
18 5.890e-05
19 9.773e-05
20 1.731e-04
21 2.762e-04
22 4.501e-04
23 7.529e-04
24 1.268e-03
25 2.263e-03
26 3.931e-03
27 6.380e-03
28 1.679e-02
29 1.754e-02
30 2.875e-02
31 4.777e-02
32 7.958e-02
33 1.324e-01
34 2.209e-01
35 3.670e-01
36 6.119e-01
37 1.021e+00
38 1.704e+00
39 2.872e+00
40 4.801e+00
41 8.126e+00
42 1.320e+01
43 2.201e+01
44 3.913e+01
45 6.195e+01
46 1.061e+02
47 1.732e+02
48 2.820e+02
49 4.513e+02
50 7.125e+02

final equation -> 1.6837381494*10^-8 * e^0.4898251412301807*x