    + --- ---------------- --------- +
    |                plain recursion |
--- + --- ---------------- --------- +
  n | sol            count  cpu time |
--- + --- ---------------- --------- +
  1 |   1                2 2.855e-06 |
  2 |   2                3 8.320e-07 |
  3 |   3                5 8.220e-07 |
  4 |   3                8 1.012e-06 |
  5 |   4               13 1.062e-06 |
  6 |   4               22 1.312e-06 |
  7 |   5               36 1.493e-06 |
  8 |   5               60 1.873e-06 |
  9 |   5              100 2.305e-06 |
 10 |   6              167 3.005e-06 |
 11 |   6              279 2.594e-06 |
 12 |   6              465 2.655e-06 |
 13 |   7              777 3.877e-06 |
 14 |   7             1297 5.971e-06 |
 15 |   7             2165 9.417e-06 |
 16 |   7             3614 1.504e-05 |
 17 |   8             6031 2.438e-05 |
 18 |   8            10065 4.007e-05 |
 19 |   8            16795 6.620e-05 |
 20 |   8            28024 1.098e-04 |
 21 |   9            46759 1.918e-04 |
 22 |   9            77975 3.065e-04 |
 23 |   9           129268 5.136e-04 |
 24 |   9           214834 8.902e-04 |
 25 |   9           357572 1.447e-03 |
 26 |  10           594904 2.421e-03 |
 27 |  10           990814 4.081e-03 |
 28 |  10          1659278 9.439e-03 |
 29 |  11          2772832 1.118e-02 |
 30 |  11          4628093 1.884e-02 |
 31 |  11          7688344 3.175e-02 |
 32 |  12         12787910 5.327e-02 |
 33 |  12         21293524 8.649e-02 |
 34 |  12         35444027 1.579e-01 |
 35 |  12         59040581 2.564e-01 |
 36 |  13         98362129 4.113e-01 |
 37 |  13        163864869 6.728e-01 |
 38 |  13        273035642 1.109e+00 |
 39 |  14        454928535 1.854e+00 |
 40 |  14        761948794 3.082e+00 |
 41 |  14       1273518063 5.136e+00 |
 42 |  15       2115071717 8.586e+00 |
 43 |  15       3521308724 1.408e+01 |
 44 |  15       5864477622 2.373e+01 |
 45 |  16       9761975019 4.009e+01 |
 46 |  16      16264230312 6.483e+01 |
 47 |  16      27239059939 1.069e+02 |
 48 |  17      45524297941 1.825e+02 |
 49 |  17      72609669278 2.902e+02 |
 50 |  17     117741696607 4.714e+02 |


 1 2.855e-06
 2 8.320e-07
 3 8.220e-07
 4 1.012e-06
 5 1.062e-06
 6 1.312e-06
 7 1.493e-06
 8 1.873e-06
 9 2.305e-06
10 3.005e-06
11 2.594e-06
12 2.655e-06
13 3.877e-06
14 5.971e-06
15 9.417e-06
16 1.504e-05
17 2.438e-05
18 4.007e-05
19 6.620e-05
20 1.098e-04
21 1.918e-04
22 3.065e-04
23 5.136e-04
24 8.902e-04
25 1.447e-03
26 2.421e-03
27 4.081e-03
28 9.439e-03
29 1.118e-02
30 1.884e-02
31 3.175e-02
32 5.327e-02
33 8.649e-02
34 1.579e-01
35 2.564e-01
36 4.113e-01
37 6.728e-01
38 1.109e+00
39 1.854e+00
40 3.082e+00
41 5.136e+00
42 8.586e+00
43 1.408e+01
44 2.373e+01
45 4.009e+01
46 6.483e+01
47 1.069e+02
48 1.825e+02
49 2.902e+02
50 4.714e+02

final equation -> 7.2135940535×10^-9 * e^0.4982950058611109*x