  1 |   1                2 2.344e-06 |
  2 |   2                3 3.510e-07 |
  3 |   3                5 4.410e-07 |
  4 |   3                7 4.810e-07 |
  5 |   4               10 5.210e-07 |
  6 |   4               14 6.010e-07 |
  7 |   5               19 5.510e-07 |
  8 |   5               19 6.510e-07 |
  9 |   5               23 6.710e-07 |
 10 |   6               31 7.020e-07 |
 11 |   6               34 1.402e-06 |
 12 |   6               41 7.910e-07 |
 13 |   7               41 6.510e-07 |
 14 |   7               49 7.510e-07 |
 15 |   7               54 7.410e-07 |
 16 |   7               65 8.320e-07 |
 17 |   8               67 8.310e-07 |
 18 |   8               79 8.820e-07 |
 19 |   8               75 9.020e-07 |
 20 |   8               87 1.002e-06 |
 21 |   9               98 1.914e-06 |
 22 | 122               97 1.272e-06 |
 23 |   9              109 1.743e-06 |
 24 |   9              113 2.014e-06 |
 25 |   9              126 2.424e-06 |
 26 |  10              151 2.695e-06 |
 27 |  10              156 2.675e-06 |
 28 |  10              182 2.205e-06 |
 29 |  11              227 2.154e-06 |
 30 |  11              239 2.084e-06 |
 31 |  11              274 2.435e-06 |
 32 |  12              259 2.495e-06 |
 33 |  12              297 2.765e-06 |
 34 |  12              304 2.795e-06 |
 35 |  12              339 2.936e-06 |
 36 |  13              411 3.076e-06 |
 37 |  13              404 3.236e-06 |
 38 |  13              450 3.536e-06 |
 39 |  14              547 3.797e-06 |
 40 |  14              564 4.098e-06 |
 41 |  14              635 4.830e-06 |
 42 |  15              763 5.270e-06 |
 43 |  15              772 5.440e-06 |
 44 |  15              860 6.131e-06 |
 45 |  16             1054 6.943e-06 |
 46 |  16             1092 7.394e-06 |
 47 |  16             1286 8.546e-06 |
 48 |  17             1617 9.849e-06 |
 49 |  17             1560 1.070e-05 |
 50 |  17             1757 1.177e-05 |
 55 |  20             3248 2.072e-05 |
 60 |  22             4345 2.586e-05 |
 65 |  23             4977 3.048e-05 |
 70 |  25             6030 3.813e-05 |
 75 |  26             6844 4.503e-05 |
 80 |  27             8079 5.253e-05 |
 85 |  28             9173 6.392e-05 |
 90 |  29             9439 6.980e-05 |
 95 |  31             9803 7.179e-05 |
100 |  34            10349 7.379e-05 |
110 |  38            11791 8.623e-05 |
120 |  41            15823 1.086e-04 |
130 |  43            22095 1.557e-04 |
140 |  45            39231 2.739e-04 |
150 | 250            48121 3.818e-04 |
160 |  51            49171 3.925e-04 |
170 |  56            51411 3.995e-04 |
180 |  59            56549 4.352e-04 |
190 | 290            65089 5.039e-04 |
200 |  63            74399 5.937e-04 |
220 |  69           113557 1.140e-03 |
240 |  76           216457 1.618e-03 |
260 |  80           490101 3.625e-03 |
280 |  87          2057233 1.736e-02 |
300 |  95          2849073 2.407e-02 |
320 |  99          3723569 2.948e-02 |
340 | 108          5881137 4.070e-02 |
360 | 112         13472049 9.580e-02 |
380 | 116         35126577 2.692e-01 |
400 | 125        173203761 1.061e+00 |
420 | 130        779215153 5.338e+00 |
440 | 136       3248476465 2.040e+01 |
460 | 143      16874314033 9.590e+01 |
480 | 148      91833086257 5.952e+02 |
500 | 155     358809905457 2.180e+03 |



  1 2.344e-06
  2 3.510e-07
  3 4.410e-07
  4 4.810e-07
  5 5.210e-07
  6 6.010e-07
  7 5.510e-07
  8 6.510e-07
  9 6.710e-07
 10 7.020e-07
 11 1.402e-06
 12 7.910e-07
 13 6.510e-07
 14 7.510e-07
 15 7.410e-07
 16 8.320e-07
 17 8.310e-07
 18 8.820e-07
 19 9.020e-07
 20 1.002e-06
 21 1.914e-06
 22 1.272e-06
 23 1.743e-06
 24 2.014e-06
 25 2.424e-06
 26 2.695e-06
 27 2.675e-06
 28 2.205e-06
 29 2.154e-06
 30 2.084e-06
 31 2.435e-06
 32 2.495e-06
 33 2.765e-06
 34 2.795e-06
 35 2.936e-06
 36 3.076e-06
 37 3.236e-06
 38 3.536e-06
 39 3.797e-06
 40 4.098e-06
 41 4.830e-06
 42 5.270e-06
 43 5.440e-06
 44 6.131e-06
 45 6.943e-06
 46 7.394e-06
 47 8.546e-06
 48 9.849e-06
 49 1.070e-05
 50 1.177e-05
 55 2.072e-05
 60 2.586e-05
 65 3.048e-05
 70 3.813e-05
 75 4.503e-05
 80 5.253e-05
 85 6.392e-05
 90 6.980e-05
 95 7.179e-05
100 7.379e-05
110 8.623e-05
120 1.086e-04
130 1.557e-04
140 2.739e-04
150 3.818e-04
160 3.925e-04
170 3.995e-04
180 4.352e-04
190 5.039e-04
200 5.937e-04
220 1.140e-03
240 1.618e-03
260 3.625e-03
280 1.736e-02
300 2.407e-02
320 2.948e-02
340 4.070e-02
360 9.580e-02
380 2.692e-01
400 1.061e+00
420 5.338e+00
440 2.040e+01
460 9.590e+01
480 5.952e+02
500 2.180e+03