  1 1.700e-06
  2 4.280e-07
  3 3.680e-07
  4 3.290e-07
  5 5.270e-07
  6 1.030e-07
  7 3.780e-07
  8 3.580e-07
  9 3.380e-07
 10 6.760e-07
 11 8.460e-07
 12 3.680e-07
 13 3.980e-07
 14 3.980e-07
 15 3.970e-07
 16 3.090e-07
 17 3.780e-07
 18 3.580e-07
 19 3.880e-07
 20 3.380e-07
 21 1.024e-06
 22 4.970e-07
 23 4.580e-07
 24 5.170e-07
 25 4.470e-07
 26 4.580e-07
 27 5.660e-07
 28 4.480e-07
 29 4.970e-07
 30 4.280e-07
 31 3.380e-07
 32 4.170e-07
 33 4.270e-07
 34 3.880e-07
 35 3.480e-07
 36 3.680e-07
 37 4.327e-07
 38 3.090e-07
 39 3.580e-07
 40 2.584e-07
 41 2.300e-07
 42 2.843e-07
 43 1.170e-07
 44 3.480e-07
 45 1.440e-07
 46 3.680e-07
 47 3.580e-07
 48 4.400e-08
 49 3.880e-07
 50 3.680e-07
 55 1.253e-06
 60 7.660e-07
 65 5.470e-07
 70 5.870e-07
 75 6.860e-07
 80 6.470e-07
 85 6.660e-07
 90 8.250e-07
 95 6.760e-07
100 6.170e-07
110 1.770e-06
120 1.005e-06
130 8.550e-07
140 8.060e-07
150 9.240e-07
160 8.650e-07
170 8.360e-07
180 8.050e-07
190 9.450e-07
200 1.242e-06
220 1.929e-06
240 2.087e-06
260 1.054e-06
280 3.280e-07
300 1.103e-06
320 1.223e-06
340 2.400e-07
360 1.283e-06
380 1.391e-06
400 1.150e-06
420 3.171e-06
440 2.187e-06
460 2.734e-06
480 4.099e-06
500 1.310e-06
520 2.903e-06
540 3.530e-06
560 3.381e-06
580 2.840e-06
600 3.480e-06
620 1.650e-06
640 4.361e-06
660 3.490e-06
680 3.887e-06
700 3.669e-06
720 3.708e-06
740 4.106e-06
760 3.019e-06
780 3.170e-06
800 5.796e-06





  1 1.844e-06
  2 3.910e-07
  3 3.700e-07
  4 3.500e-07
  5 4.010e-07
  6 3.610e-07
  7 3.810e-07
  8 3.910e-07
  9 3.500e-07
 10 4.410e-07
 11 1.613e-06
 12 6.010e-07
 13 5.410e-07
 14 6.110e-07
 15 9.020e-07
 16 5.310e-07
 17 5.210e-07
 18 5.720e-07
 19 6.310e-07
 20 6.620e-07
 21 1.803e-06
 22 8.720e-07
 23 8.510e-07
 24 8.310e-07
 25 7.410e-07
 26 7.710e-07
 27 8.720e-07
 28 6.910e-07
 29 7.810e-07
 30 6.820e-07
 31 5.810e-07
 32 6.620e-07
 33 6.910e-07
 34 7.020e-07
 35 5.910e-07
 36 6.120e-07
 37 6.010e-07
 38 5.710e-07
 39 6.110e-07
 40 6.210e-07
 41 6.310e-07
 42 6.210e-07
 43 5.910e-07
 44 6.310e-07
 45 6.710e-07
 46 6.210e-07
 47 6.410e-07
 48 6.610e-07
 49 7.220e-07
 50 6.910e-07
 55 1.994e-06
 60 9.620e-07
 65 8.410e-07
 70 1.082e-06
 75 1.373e-06
 80 1.192e-06
 85 1.593e-06
 90 1.362e-06
 95 1.392e-06
100 1.062e-06
110 2.835e-06
120 1.373e-06
130 1.373e-06
140 1.433e-06
150 1.894e-06
160 1.463e-06
170 1.703e-06
180 1.543e-06
190 1.793e-06
200 1.753e-06
220 3.026e-06
240 2.385e-06
260 1.282e-06
280 1.883e-06
300 2.174e-06
320 2.384e-06
340 4.558e-06
360 2.555e-06
380 2.715e-06
400 2.254e-06
420 3.537e-06
440 3.156e-06
460 2.906e-06
480 1.433e-06
500 2.615e-06
520 1.503e-06
540 1.834e-06
560 1.694e-06
580 1.703e-06
600 1.673e-06
620 1.694e-06
640 1.834e-06
660 3.116e-06
680 1.903e-06
700 1.984e-06
720 2.014e-06
740 2.054e-06
760 2.254e-06
780 2.344e-06
800 2.304e-06