  1 2.495e-06
  2 4.110e-07
  3 4.210e-07
  4 4.400e-07
  5 4.910e-07
  6 5.910e-07
  7 5.410e-07
  8 5.310e-07
  9 5.910e-07
 10 7.110e-07
 11 1.142e-06
 12 5.810e-07
 13 6.310e-07
 14 6.910e-07
 15 7.910e-07
 16 7.520e-07
 17 7.610e-07
 18 7.410e-07
 19 7.710e-07
 20 8.920e-07
 21 1.843e-06
 22 1.182e-06
 23 1.383e-06
 24 1.613e-06
 25 1.993e-06
 26 2.014e-06
 27 2.104e-06
 28 1.693e-06
 29 1.302e-06
 30 1.273e-06
 31 1.202e-06
 32 1.253e-06
 33 1.312e-06
 34 1.282e-06
 35 1.292e-06
 36 1.253e-06
 37 1.293e-06
 38 1.273e-06
 39 1.333e-06
 40 1.303e-06
 41 1.353e-06
 42 1.403e-06
 43 1.413e-06
 44 1.462e-06
 45 1.473e-06
 46 1.503e-06
 47 1.473e-06
 48 1.503e-06
 49 1.603e-06
 50 1.713e-06
 55 3.386e-06
 60 2.385e-06
 65 2.054e-06
 70 2.245e-06
 75 2.475e-06
 80 2.755e-06
 85 3.186e-06
 90 3.777e-06
 95 3.257e-06
100 3.146e-06
110 5.099e-06
120 4.008e-06
130 4.538e-06
140 4.839e-06
150 5.981e-06
160 6.943e-06
170 5.490e-06
180 5.911e-06
190 6.712e-06
200 7.644e-06
220 1.102e-05
240 8.937e-06
260 1.148e-05
280 9.768e-06
300 1.004e-05
320 1.153e-05
340 1.140e-05
360 1.227e-05
380 1.355e-05
400 1.385e-05
420 2.028e-05
440 1.652e-05
460 1.568e-05
480 1.641e-05
500 1.707e-05
520 1.733e-05
540 1.841e-05
560 1.929e-05
580 1.942e-05
600 2.117e-05
620 2.196e-05
640 2.151e-05
660 2.249e-05
680 2.291e-05
700 2.611e-05
720 3.225e-05
740 4.608e-05
760 4.697e-05
780 4.592e-05
800 2.733e-05